66 72 61 6e 7a 00 00 00  00 00 00 00 00 00 00 00 
00 00 00 00 00 00 00 00  00 00 00 00 00 00 00 00 
00 00 00 00 00 00 00 00  00 00 00 00 00 00 00 00 
00 00 00 00 00 00 00 00  00 00 00 00 00 00 00 00 
00 00 00 00 00 00 00 00  00 00 00 00 00 00 00 00 
00 00 00 00 00 00 00 00  00 00 00 00 00 00 00 00 
00 00 00 00 30 30 30 36  34 34 20 00 30 30 30 37 
36 35 20 00 30 30 30 30  32 34 20 00 30 30 30 30 
30 30 30 30 30 30 30 20  31 34 36 32 33 37 32 35 
35 31 36 20 30 31 33 32  35 31 00 20 30 00 00 00 
00 00 00 00 00 00 00 00  00 00 00 00 00 00 00 00 
00 00 00 00 00 00 00 00  00 00 00 00 00 00 00 00 
00 00 00 00 00 00 00 00  00 00 00 00 00 00 00 00 
00 00 00 00 00 00 00 00  00 00 00 00 00 00 00 00 
00 00 00 00 00 00 00 00  00 00 00 00 00 00 00 00 
00 00 00 00 00 00 00 00  00 00 00 00 00 00 00 00 
00 75 73 74 61 72 00 30  30 73 74 65 76 65 65 62 
65 72 00 00 00 00 00 00  00 00 00 00 00 00 00 00 
00 00 00 00 00 00 00 00  00 73 74 61 66 66 00 00 
00 00 00 00 00 00 00 00  00 00 00 00 00 00 00 00 
00 00 00 00 00 00 00 00  00 30 30 30 30 30 30 20 
00 30 30 30 30 30 30 20  00 00 00 00 00 00 00 00 
00 00 00 00 00 00 00 00  00 00 00 00 00 00 00 00 
00 00 00 00 00 00 00 00  00 00 00 00 00 00 00 00 
00 00 00 00 00 00 00 00  00 00 00 00 00 00 00 00 
00 00 00 00 00 00 00 00  00 00 00 00 00 00 00 00 
00 00 00 00 00 00 00 00  00 00 00 00 00 00 00 00 
00 00 00 00 00 00 00 00  00 00 00 00 00 00 00 00 
00 00 00 00 00 00 00 00  00 00 00 00 00 00 00 00 
00 00 00 00 00 00 00 00  00 00 00 00 00 00 00 00 
00 00 00 00 00 00 00 00  00 00 00 00 00 00 00 00 
00 00 00 00 00 00 00 00  00 00 00 00 00 00 00 00
00 00 00 00 00 00 00 00  00 00 00 00 00 00 00 00 
00 00 00 00 00 00 00 00  00 00 00 00 00 00 00 00 
00 00 00 00 00 00 00 00  00 00 00 00 00 00 00 00 
00 00 00 00 00 00 00 00  00 00 00 00 00 00 00 00 
00 00 00 00 00 00 00 00  00 00 00 00 00 00 00 00 
00 00 00 00 00 00 00 00  00 00 00 00 00 00 00 00 
00 00 00 00 00 00 00 00  00 00 00 00 00 00 00 00 
00 00 00 00 00 00 00 00  00 00 00 00 00 00 00 00 
00 00 00 00 00 00 00 00  00 00 00 00 00 00 00 00 
00 00 00 00 00 00 00 00  00 00 00 00 00 00 00 00 
00 00 00 00 00 00 00 00  00 00 00 00 00 00 00 00 
00 00 00 00 00 00 00 00  00 00 00 00 00 00 00 00 
00 00 00 00 00 00 00 00  00 00 00 00 00 00 00 00 
00 00 00 00 00 00 00 00  00 00 00 00 00 00 00 00 
00 00 00 00 00 00 00 00  00 00 00 00 00 00 00 00 
00 00 00 00 00 00 00 00  00 00 00 00 00 00 00 00 
00 00 00 00 00 00 00 00  00 00 00 00 00 00 00 00 
00 00 00 00 00 00 00 00  00 00 00 00 00 00 00 00 
00 00 00 00 00 00 00 00  00 00 00 00 00 00 00 00 
00 00 00 00 00 00 00 00  00 00 00 00 00 00 00 00 
00 00 00 00 00 00 00 00  00 00 00 00 00 00 00 00 
00 00 00 00 00 00 00 00  00 00 00 00 00 00 00 00 
00 00 00 00 00 00 00 00  00 00 00 00 00 00 00 00 
00 00 00 00 00 00 00 00  00 00 00 00 00 00 00 00 
00 00 00 00 00 00 00 00  00 00 00 00 00 00 00 00 
00 00 00 00 00 00 00 00  00 00 00 00 00 00 00 00 
00 00 00 00 00 00 00 00  00 00 00 00 00 00 00 00 
00 00 00 00 00 00 00 00  00 00 00 00 00 00 00 00 
00 00 00 00 00 00 00 00  00 00 00 00 00 00 00 00 
00 00 00 00 00 00 00 00  00 00 00 00 00 00 00 00 
00 00 00 00 00 00 00 00  00 00 00 00 00 00 00 00 
00 00 00 00 00 00 00 00  00 00 00 00 00 00 00 00 
